0 0.6598557692307693 0.3425480769230769 0.052884615384615384 0.34134615384615385
0 0.4014423076923077 0.4987980769230769 0.0625 0.3701923076923077
0 0.45913461538461536 0.4855769230769231 0.06971153846153846 0.34615384615384615
0 0.6117788461538461 0.45913461538461536 0.06971153846153846 0.3076923076923077
0 0.45913461538461536 0.6165865384615384 0.0625 0.35336538461538464
0 0.5036057692307693 0.5901442307692307 0.0673076923076923 0.2932692307692308
0 0.5661057692307693 0.4807692307692308 0.07211538461538461 0.3317307692307692
0 0.6213942307692307 0.3076923076923077 0.05048076923076923 0.2932692307692308
0 0.33533653846153844 0.5084134615384616 0.08173076923076923 0.3894230769230769
0 0.2776442307692308 0.20793269230769232 0.07932692307692307 0.3918269230769231
0 0.35096153846153844 0.13701923076923078 0.055288461538461536 0.2548076923076923
0 0.40384615384615385 0.13221153846153846 0.05048076923076923 0.22115384615384615
0 0.4651442307692308 0.12620192307692307 0.04567307692307692 0.21153846153846154
0 0.5120192307692307 0.12620192307692307 0.04807692307692308 0.21634615384615385
0 0.5540865384615384 0.14783653846153846 0.052884615384615384 0.21634615384615385
0 0.6045673076923077 0.11658653846153846 0.05048076923076923 0.23317307692307693
0 0.6574519230769231 0.1346153846153846 0.0673076923076923 0.21153846153846154
0 0.7091346153846154 0.21514423076923078 0.0673076923076923 0.34134615384615385
0 0.3473557692307692 0.28725961538461536 0.06490384615384616 0.2548076923076923
0 0.4026442307692308 0.30288461538461536 0.06009615384615385 0.2548076923076923
0 0.46033653846153844 0.29927884615384615 0.057692307692307696 0.25
0 0.5108173076923077 0.30408653846153844 0.052884615384615384 0.21153846153846154
0 0.5697115384615384 0.3016826923076923 0.0673076923076923 0.24519230769230768
0 0.5204326923076923 0.47716346153846156 0.07451923076923077 0.34134615384615385