0 0.28725961538461536 0.9170673076923077 0.15625 0.09375
0 0.8425480769230769 0.8521634615384616 0.13221153846153846 0.08413461538461539
0 0.8389423076923077 0.6814903846153846 0.07932692307692307 0.04807692307692308
0 0.75 0.6538461538461539 0.11778846153846154 0.055288461538461536
0 0.8257211538461539 0.5913461538461539 0.18990384615384615 0.1201923076923077
0 0.6995192307692307 0.8641826923076923 0.09375 0.057692307692307696
0 0.4375 0.7475961538461539 0.10336538461538461 0.05048076923076923
0 0.3798076923076923 0.6682692307692307 0.10817307692307693 0.09615384615384616
0 0.3629807692307692 0.7740384615384616 0.14182692307692307 0.06009615384615385
0 0.3317307692307692 0.7620192307692307 0.1466346153846154 0.06490384615384616
0 0.29447115384615385 0.6862980769230769 0.17067307692307693 0.10817307692307693
0 0.265625 0.5757211538461539 0.14423076923076922 0.07932692307692307
0 0.5745192307692307 0.6262019230769231 0.10096153846153846 0.08413461538461539
0 0.5997596153846154 0.6814903846153846 0.11778846153846154 0.06971153846153846
0 0.5516826923076923 0.53125 0.1466346153846154 0.09615384615384616
0 0.12740384615384615 0.5120192307692307 0.08413461538461539 0.055288461538461536
0 0.03485576923076923 0.5240384615384616 0.06971153846153846 0.07692307692307693
0 0.036057692307692304 0.5889423076923077 0.07211538461538461 0.04326923076923077
0 0.0889423076923077 0.6935096153846154 0.04807692307692308 0.052884615384615384
0 0.08533653846153846 0.7451923076923077 0.09134615384615384 0.04567307692307692
0 0.171875 0.7175480769230769 0.08173076923076923 0.052884615384615384
0 0.4807692307692308 0.8521634615384616 0.0889423076923077 0.040865384615384616
0 0.9038461538461539 0.7644230769230769 0.10096153846153846 0.055288461538461536
0 0.65625 0.7548076923076923 0.14182692307692307 0.10817307692307693
0 0.49038461538461536 0.7788461538461539 0.1201923076923077 0.08413461538461539