0 0.6237980769230769 0.5889423076923077 0.20192307692307693 0.125
0 0.8605769230769231 0.28725961538461536 0.20192307692307693 0.12259615384615384
0 0.16947115384615385 0.9074519230769231 0.09615384615384616 0.08653846153846154
0 0.10817307692307693 0.8185096153846154 0.09134615384615384 0.057692307692307696
0 0.16706730769230768 0.7788461538461539 0.10817307692307693 0.0673076923076923
0 0.09495192307692307 0.7439903846153846 0.11057692307692307 0.09615384615384616
0 0.3293269230769231 0.7584134615384616 0.0985576923076923 0.052884615384615384
0 0.4723557692307692 0.7475961538461539 0.20673076923076922 0.14182692307692307
0 0.1875 0.7055288461538461 0.1778846153846154 0.10096153846153846
0 0.75 0.7536057692307693 0.1971153846153846 0.15384615384615385
0 0.7103365384615384 0.6850961538461539 0.14903846153846154 0.1346153846153846
0 0.7367788461538461 0.6310096153846154 0.125 0.12740384615384615
0 0.8954326923076923 0.671875 0.19951923076923078 0.1466346153846154
0 0.8713942307692307 0.5673076923076923 0.23076923076923078 0.13942307692307693
0 0.734375 0.5132211538461539 0.2091346153846154 0.14903846153846154
0 0.8040865384615384 0.40865384615384615 0.19230769230769232 0.11538461538461539
0 0.28846153846153844 0.6875 0.18990384615384615 0.14423076923076922
0 0.17307692307692307 0.5913461538461539 0.3076923076923077 0.15384615384615385
0 0.09495192307692307 0.4675480769230769 0.17548076923076922 0.10096153846153846
0 0.34615384615384615 0.40625 0.27403846153846156 0.17067307692307693
0 0.49158653846153844 0.46153846153846156 0.6514423076923077 0.43509615384615385
0 0.45552884615384615 0.28365384615384615 0.3701923076923077 0.22596153846153846