0 0.5889423076923077 0.3762019230769231 0.125 0.20192307692307693
0 0.28725961538461536 0.13942307692307693 0.1201923076923077 0.20192307692307693
0 0.9074519230769231 0.8305288461538461 0.08653846153846154 0.09615384615384616
0 0.8185096153846154 0.8918269230769231 0.057692307692307696 0.09134615384615384
0 0.7788461538461539 0.8329326923076923 0.0673076923076923 0.10817307692307693
0 0.7439903846153846 0.9050480769230769 0.09615384615384616 0.11057692307692307
0 0.7584134615384616 0.6706730769230769 0.052884615384615384 0.0985576923076923
0 0.7475961538461539 0.5276442307692307 0.14182692307692307 0.20673076923076922
0 0.7055288461538461 0.8125 0.10096153846153846 0.1778846153846154
0 0.7536057692307693 0.25 0.15384615384615385 0.1971153846153846
0 0.6850961538461539 0.28966346153846156 0.1346153846153846 0.14903846153846154
0 0.6310096153846154 0.26322115384615385 0.125 0.125
0 0.671875 0.1045673076923077 0.1466346153846154 0.19951923076923078
0 0.5673076923076923 0.12860576923076922 0.13942307692307693 0.23076923076923078
0 0.5132211538461539 0.265625 0.14903846153846154 0.2091346153846154
0 0.40865384615384615 0.19591346153846154 0.11538461538461539 0.19230769230769232
0 0.6875 0.7115384615384616 0.14423076923076922 0.18990384615384615
0 0.5913461538461539 0.8269230769230769 0.15384615384615385 0.3076923076923077
0 0.4675480769230769 0.9050480769230769 0.10096153846153846 0.17548076923076922
0 0.40625 0.6538461538461539 0.16826923076923078 0.27403846153846156
0 0.46153846153846156 0.5084134615384616 0.4326923076923077 0.6514423076923077
0 0.28365384615384615 0.5444711538461539 0.22596153846153846 0.3701923076923077