0 0.5072115384615384 0.5865384615384616 0.0625 0.6730769230769231
0 0.7668269230769231 0.7091346153846154 0.028846153846153848 0.40865384615384615
0 0.7163461538461539 0.6466346153846154 0.055288461538461536 0.5288461538461539
0 0.40384615384615385 0.6430288461538461 0.052884615384615384 0.5576923076923077
0 0.5612980769230769 0.5745192307692307 0.055288461538461536 0.7163461538461539
0 0.6610576923076923 0.6201923076923077 0.04326923076923077 0.6057692307692307
0 0.6141826923076923 0.5552884615384616 0.06490384615384616 0.7644230769230769
0 0.21033653846153846 0.6971153846153846 0.03365384615384615 0.3701923076923077
0 0.4579326923076923 0.5853365384615384 0.055288461538461536 0.6923076923076923
0 0.26322115384615385 0.7055288461538461 0.040865384615384616 0.375
0 0.3076923076923077 0.6850961538461539 0.03365384615384615 0.40384615384615385
0 0.35697115384615385 0.6237980769230769 0.038461538461538464 0.5576923076923077