0 0.5456730769230769 0.5480769230769231 0.057692307692307696 0.10817307692307693
0 0.6334134615384616 0.30408653846153844 0.1346153846153846 0.1875
0 0.8617788461538461 0.3449519230769231 0.15625 0.14182692307692307
0 0.7800480769230769 0.5709134615384616 0.12259615384615384 0.11057692307692307
0 0.5252403846153846 0.5504807692307693 0.06971153846153846 0.1778846153846154
0 0.4170673076923077 0.5540865384615384 0.057692307692307696 0.125
0 0.43149038461538464 0.48677884615384615 0.057692307692307696 0.17067307692307693
0 0.35096153846153844 0.5060096153846154 0.09134615384615384 0.19951923076923078
0 0.23197115384615385 0.37259615384615385 0.16826923076923078 0.125
0 0.45552884615384615 0.3581730769230769 0.15625 0.125
0 0.3762019230769231 0.3173076923076923 0.18269230769230768 0.15865384615384615
0 0.08653846153846154 0.23918269230769232 0.10096153846153846 0.125