0 0.7487980769230769 0.1814903846153846 0.19230769230769232 0.04807692307692308
0 0.65625 0.75 0.36538461538461536 0.038461538461538464
0 0.7199519230769231 0.7307692307692307 0.22115384615384615 0.040865384615384616
0 0.7139423076923077 0.6790865384615384 0.2403846153846154 0.04326923076923077
0 0.703125 0.6514423076923077 0.24759615384615385 0.038461538461538464
0 0.7151442307692307 0.6189903846153846 0.23557692307692307 0.036057692307692304
0 0.7223557692307693 0.59375 0.23557692307692307 0.038461538461538464
0 0.6814903846153846 0.5625 0.34134615384615385 0.08653846153846154
0 0.6875 0.4951923076923077 0.3245192307692308 0.0889423076923077
0 0.7175480769230769 0.40024038461538464 0.21394230769230768 0.038461538461538464
0 0.7163461538461539 0.36538461538461536 0.22115384615384615 0.04567307692307692
0 0.7115384615384616 0.33533653846153844 0.2403846153846154 0.04807692307692308
0 0.7019230769230769 0.29447115384615385 0.24519230769230768 0.04326923076923077
0 0.7211538461538461 0.24158653846153846 0.2644230769230769 0.052884615384615384
0 0.6009615384615384 0.22716346153846154 0.3125 0.06009615384615385
0 0.7463942307692307 0.13581730769230768 0.19230769230769232 0.03365384615384615
0 0.6466346153846154 0.12620192307692307 0.19230769230769232 0.04807692307692308
0 0.6586538461538461 0.17307692307692307 0.20673076923076922 0.05048076923076923