0 0.2247596153846154 0.6634615384615384 0.125 0.2692307692307692
0 0.3545673076923077 0.30528846153846156 0.0889423076923077 0.09615384615384616
0 0.35697115384615385 0.3798076923076923 0.08413461538461539 0.07692307692307693
0 0.36658653846153844 0.45913461538461536 0.08173076923076923 0.08653846153846154
0 0.3605769230769231 0.5384615384615384 0.08173076923076923 0.09615384615384616
0 0.3641826923076923 0.6045673076923077 0.0673076923076923 0.07692307692307693
0 0.3605769230769231 0.7019230769230769 0.07932692307692307 0.09615384615384616
0 0.28846153846153844 0.21394230769230768 0.1346153846153846 0.12259615384615384
0 0.28365384615384615 0.3137019230769231 0.11057692307692307 0.10576923076923077
0 0.29086538461538464 0.4170673076923077 0.10096153846153846 0.09134615384615384
0 0.3112980769230769 0.5048076923076923 0.09375 0.08413461538461539
0 0.30649038461538464 0.6057692307692307 0.11057692307692307 0.12980769230769232
0 0.3016826923076923 0.6887019230769231 0.125 0.10096153846153846
0 0.20793269230769232 0.6129807692307693 0.14903846153846154 0.1875
0 0.2403846153846154 0.4891826923076923 0.1346153846153846 0.15384615384615385
0 0.20072115384615385 0.421875 0.11057692307692307 0.07692307692307693
0 0.21514423076923078 0.33413461538461536 0.16826923076923078 0.1201923076923077
0 0.21033653846153846 0.23798076923076922 0.15865384615384615 0.13942307692307693
0 0.10697115384615384 0.46153846153846156 0.1346153846153846 0.6105769230769231