0 0.8185096153846154 0.7487980769230769 0.04807692307692308 0.19230769230769232
0 0.25 0.65625 0.038461538461538464 0.36538461538461536
0 0.2692307692307692 0.7199519230769231 0.040865384615384616 0.22115384615384615
0 0.32091346153846156 0.7139423076923077 0.04326923076923077 0.2403846153846154
0 0.3485576923076923 0.703125 0.038461538461538464 0.24759615384615385
0 0.38100961538461536 0.7151442307692307 0.036057692307692304 0.23557692307692307
0 0.40625 0.7223557692307693 0.038461538461538464 0.23557692307692307
0 0.4375 0.6814903846153846 0.08653846153846154 0.34134615384615385
0 0.5048076923076923 0.6875 0.0889423076923077 0.3245192307692308
0 0.5997596153846154 0.7175480769230769 0.038461538461538464 0.21394230769230768
0 0.6346153846153846 0.7163461538461539 0.04567307692307692 0.22115384615384615
0 0.6646634615384616 0.7115384615384616 0.04807692307692308 0.2403846153846154
0 0.7055288461538461 0.7019230769230769 0.04326923076923077 0.24519230769230768
0 0.7584134615384616 0.7211538461538461 0.052884615384615384 0.2644230769230769
0 0.7728365384615384 0.6009615384615384 0.06009615384615385 0.3125
0 0.8641826923076923 0.7463942307692307 0.03365384615384615 0.19230769230769232
0 0.8737980769230769 0.6466346153846154 0.04807692307692308 0.19230769230769232
0 0.8269230769230769 0.6586538461538461 0.05048076923076923 0.20673076923076922