0 0.8533653846153846 0.5649038461538461 0.11057692307692307 0.07932692307692307
0 0.8569711538461539 0.3125 0.13942307692307693 0.055288461538461536
0 0.8401442307692307 0.28846153846153844 0.125 0.0625
0 0.8112980769230769 0.2608173076923077 0.09134615384615384 0.052884615384615384
0 0.4483173076923077 0.5913461538461539 0.2644230769230769 0.0625
0 0.4495192307692308 0.546875 0.25721153846153844 0.052884615384615384
0 0.46033653846153844 0.5084134615384616 0.2692307692307692 0.057692307692307696
0 0.4423076923076923 0.46634615384615385 0.22115384615384615 0.052884615384615384
0 0.4735576923076923 0.38100961538461536 0.2644230769230769 0.0625
0 0.46634615384615385 0.42427884615384615 0.25240384615384615 0.0625
0 0.8990384615384616 0.3701923076923077 0.10576923076923077 0.03365384615384615
0 0.8786057692307693 0.3317307692307692 0.13942307692307693 0.04807692307692308
0 0.8305288461538461 0.609375 0.10336538461538461 0.057692307692307696
0 0.8521634615384616 0.6646634615384616 0.0985576923076923 0.0889423076923077
0 0.8425480769230769 0.7007211538461539 0.0625 0.10336538461538461
0 0.7980769230769231 0.7752403846153846 0.13942307692307693 0.14423076923076922
0 0.8125 0.47836538461538464 0.12259615384615384 0.036057692307692304
0 0.7932692307692307 0.515625 0.08173076923076923 0.03365384615384615
0 0.8401442307692307 0.4074519230769231 0.1346153846153846 0.0673076923076923
0 0.9086538461538461 0.42427884615384615 0.1201923076923077 0.036057692307692304