0 0.39903846153846156 0.7536057692307693 0.09375 0.31971153846153844
0 0.47716346153846156 0.7451923076923077 0.08173076923076923 0.3125
0 0.33052884615384615 0.7415865384615384 0.07692307692307693 0.3004807692307692
0 0.25600961538461536 0.7259615384615384 0.05048076923076923 0.2644230769230769
0 0.1875 0.7379807692307693 0.0625 0.2764423076923077
0 0.5528846153846154 0.734375 0.07211538461538461 0.2980769230769231
0 0.6069711538461539 0.6742788461538461 0.028846153846153848 0.15625
0 0.6838942307692307 0.7644230769230769 0.08173076923076923 0.3317307692307692
0 0.7596153846153846 0.7463942307692307 0.07692307692307693 0.3245192307692308
0 0.8221153846153846 0.6887019230769231 0.038461538461538464 0.1971153846153846
0 0.18509615384615385 0.3112980769230769 0.06971153846153846 0.31009615384615385
0 0.26322115384615385 0.33653846153846156 0.0673076923076923 0.35096153846153844
0 0.32572115384615385 0.296875 0.04567307692307692 0.27403846153846156
0 0.39783653846153844 0.3269230769230769 0.0673076923076923 0.33653846153846156
0 0.4795673076923077 0.36177884615384615 0.09615384615384616 0.40865384615384615
0 0.5588942307692307 0.36538461538461536 0.10576923076923077 0.4254807692307692
0 0.6177884615384616 0.33774038461538464 0.07211538461538461 0.36538461538461536
0 0.6899038461538461 0.30528846153846156 0.06971153846153846 0.28846153846153844
0 0.7608173076923077 0.31850961538461536 0.055288461538461536 0.3125
0 0.8341346153846154 0.2980769230769231 0.0673076923076923 0.2932692307692308