0 0.7536057692307693 0.6009615384615384 0.31971153846153844 0.09375
0 0.7451923076923077 0.5228365384615384 0.3125 0.08173076923076923
0 0.7415865384615384 0.6694711538461539 0.3004807692307692 0.07692307692307693
0 0.7259615384615384 0.7439903846153846 0.2644230769230769 0.05048076923076923
0 0.7379807692307693 0.8125 0.2764423076923077 0.06490384615384616
0 0.734375 0.44711538461538464 0.2980769230769231 0.07211538461538461
0 0.6742788461538461 0.39302884615384615 0.15625 0.028846153846153848
0 0.7644230769230769 0.3161057692307692 0.3317307692307692 0.08173076923076923
0 0.7463942307692307 0.2403846153846154 0.3245192307692308 0.07692307692307693
0 0.6887019230769231 0.1778846153846154 0.1971153846153846 0.038461538461538464
0 0.3112980769230769 0.8149038461538461 0.31009615384615385 0.06971153846153846
0 0.33653846153846156 0.7367788461538461 0.35096153846153844 0.0673076923076923
0 0.296875 0.6742788461538461 0.27403846153846156 0.04567307692307692
0 0.3269230769230769 0.6021634615384616 0.33653846153846156 0.0673076923076923
0 0.36177884615384615 0.5204326923076923 0.40865384615384615 0.09615384615384616
0 0.36538461538461536 0.4411057692307692 0.4254807692307692 0.10576923076923077
0 0.33774038461538464 0.38221153846153844 0.36538461538461536 0.07211538461538461
0 0.30528846153846156 0.31009615384615385 0.28846153846153844 0.06971153846153846
0 0.31850961538461536 0.23918269230769232 0.3125 0.055288461538461536
0 0.2980769230769231 0.1658653846153846 0.2932692307692308 0.0673076923076923