0 0.13221153846153846 0.6105769230769231 0.06009615384615385 0.21153846153846154
0 0.24278846153846154 0.5841346153846154 0.036057692307692304 0.15865384615384615
0 0.20432692307692307 0.5841346153846154 0.036057692307692304 0.14903846153846154
0 0.1778846153846154 0.609375 0.04326923076923077 0.20673076923076922
0 0.0985576923076923 0.6165865384615384 0.04567307692307692 0.22115384615384615
0 0.06009615384615385 0.6021634615384616 0.038461538461538464 0.1875
0 0.0829326923076923 0.7956730769230769 0.04807692307692308 0.04326923076923077
0 0.13822115384615385 0.78125 0.07692307692307693 0.028846153846153848
0 0.2644230769230769 0.7944711538461539 0.09615384615384616 0.03365384615384615
0 0.24158653846153846 0.8137019230769231 0.11057692307692307 0.03125
0 0.18629807692307693 0.8245192307692307 0.055288461538461536 0.057692307692307696
0 0.13822115384615385 0.8125 0.03365384615384615 0.07211538461538461
0 0.10817307692307693 0.8185096153846154 0.038461538461538464 0.07211538461538461
0 0.07451923076923077 0.8209134615384616 0.026442307692307692 0.04326923076923077