0 0.6754807692307693 0.6201923076923077 0.33653846153846156 0.06971153846153846
0 0.7043269230769231 0.6682692307692307 0.375 0.07211538461538461
0 0.6730769230769231 0.5685096153846154 0.3293269230769231 0.0673076923076923
0 0.6923076923076923 0.5168269230769231 0.36538461538461536 0.0673076923076923
0 0.6694711538461539 0.46274038461538464 0.3076923076923077 0.057692307692307696
0 0.671875 0.40625 0.31971153846153844 0.0625
0 0.6706730769230769 0.35216346153846156 0.31490384615384615 0.057692307692307696
0 0.6742788461538461 0.29927884615384615 0.3317307692307692 0.055288461538461536
0 0.6694711538461539 0.24158653846153846 0.3173076923076923 0.0625
0 0.6598557692307693 0.19110576923076922 0.31009615384615385 0.052884615384615384
0 0.9459134615384616 0.4987980769230769 0.07211538461538461 0.19230769230769232
0 0.6550480769230769 0.13341346153846154 0.2980769230769231 0.057692307692307696