0 0.8677884615384616 0.3894230769230769 0.06009615384615385 0.21153846153846154
0 0.7572115384615384 0.41586538461538464 0.036057692307692304 0.15865384615384615
0 0.7956730769230769 0.41586538461538464 0.036057692307692304 0.14903846153846154
0 0.8221153846153846 0.390625 0.04326923076923077 0.20673076923076922
0 0.9014423076923077 0.38341346153846156 0.04567307692307692 0.22115384615384615
0 0.9399038461538461 0.39783653846153844 0.038461538461538464 0.1875
0 0.9170673076923077 0.20432692307692307 0.04807692307692308 0.04326923076923077
0 0.8617788461538461 0.21875 0.07692307692307693 0.028846153846153848
0 0.7355769230769231 0.20552884615384615 0.09615384615384616 0.03365384615384615
0 0.7584134615384616 0.18629807692307693 0.11057692307692307 0.03125
0 0.8137019230769231 0.17548076923076922 0.055288461538461536 0.057692307692307696
0 0.8617788461538461 0.1875 0.03365384615384615 0.07211538461538461
0 0.8918269230769231 0.1814903846153846 0.038461538461538464 0.07211538461538461
0 0.9254807692307693 0.17908653846153846 0.026442307692307692 0.04326923076923077