0 0.35697115384615385 0.23918269230769232 0.3293269230769231 0.052884615384615384
0 0.3641826923076923 0.27403846153846156 0.3173076923076923 0.038461538461538464
0 0.359375 0.5576923076923077 0.2980769230769231 0.04326923076923077
0 0.3557692307692308 0.6237980769230769 0.2932692307692308 0.04807692307692308
0 0.3449519230769231 0.5072115384615384 0.3317307692307692 0.057692307692307696
0 0.328125 0.9555288461538461 0.34134615384615385 0.08653846153846154
0 0.35697115384615385 0.8064903846153846 0.32211538461538464 0.07451923076923077
0 0.34375 0.7752403846153846 0.3125 0.07692307692307693
0 0.3485576923076923 0.7463942307692307 0.2956730769230769 0.057692307692307696
0 0.3557692307692308 0.7055288461538461 0.2980769230769231 0.07692307692307693
0 0.3737980769230769 0.6694711538461539 0.34134615384615385 0.052884615384615384
0 0.3425480769230769 0.6442307692307693 0.3125 0.03125
0 0.3449519230769231 0.5913461538461539 0.3076923076923077 0.0673076923076923
0 0.37259615384615385 0.4338942307692308 0.3701923076923077 0.04326923076923077
0 0.35096153846153844 0.3713942307692308 0.3389423076923077 0.06971153846153846
0 0.36538461538461536 0.31850961538461536 0.2980769230769231 0.057692307692307696
0 0.37740384615384615 0.20552884615384615 0.2956730769230769 0.052884615384615384
0 0.3737980769230769 0.042067307692307696 0.2932692307692308 0.0625
0 0.3557692307692308 0.0889423076923077 0.31971153846153844 0.052884615384615384