0 0.14903846153846154 0.4723557692307692 0.21394230769230768 0.028846153846153848
0 0.17548076923076922 0.3401442307692308 0.25 0.04326923076923077
0 0.17668269230769232 0.20072115384615385 0.18269230769230768 0.04326923076923077
0 0.15384615384615385 0.7319711538461539 0.24278846153846154 0.04567307692307692
0 0.4567307692307692 0.8377403846153846 0.3293269230769231 0.06490384615384616
0 0.7127403846153846 0.7716346153846154 0.38461538461538464 0.052884615384615384
0 0.7007211538461539 0.5865384615384616 0.3894230769230769 0.0625
0 0.18870192307692307 0.5372596153846154 0.22115384615384615 0.026442307692307692
0 0.4579326923076923 0.27163461538461536 0.3076923076923077 0.04807692307692308
0 0.4026442307692308 0.18870192307692307 0.2548076923076923 0.052884615384615384
0 0.41586538461538464 0.15504807692307693 0.27163461538461536 0.05048076923076923
0 0.1875 0.4567307692307692 0.21634615384615385 0.028846153846153848
0 0.4182692307692308 0.10336538461538461 0.2668269230769231 0.038461538461538464
0 0.5733173076923077 0.41947115384615385 0.35096153846153844 0.04326923076923077
0 0.40384615384615385 0.3713942307692308 0.31490384615384615 0.057692307692307696
0 0.15865384615384615 0.8473557692307693 0.21153846153846154 0.03125
0 0.42427884615384615 0.3016826923076923 0.33653846153846156 0.07211538461538461
0 0.6478365384615384 0.9651442307692307 0.3629807692307692 0.06490384615384616
0 0.5769230769230769 0.9158653846153846 0.2932692307692308 0.052884615384615384
0 0.2824519230769231 0.9182692307692307 0.21153846153846154 0.04567307692307692