0 0.6430288461538461 0.7608173076923077 0.3293269230769231 0.052884615384615384
0 0.6358173076923077 0.7259615384615384 0.3173076923076923 0.038461538461538464
0 0.640625 0.4423076923076923 0.2980769230769231 0.04326923076923077
0 0.6442307692307693 0.3762019230769231 0.2932692307692308 0.04807692307692308
0 0.6550480769230769 0.49278846153846156 0.3317307692307692 0.057692307692307696
0 0.671875 0.04447115384615385 0.34134615384615385 0.08653846153846154
0 0.6430288461538461 0.1935096153846154 0.32211538461538464 0.07451923076923077
0 0.65625 0.2247596153846154 0.3125 0.07692307692307693
0 0.6514423076923077 0.2536057692307692 0.2956730769230769 0.057692307692307696
0 0.6442307692307693 0.29447115384615385 0.2980769230769231 0.07692307692307693
0 0.6262019230769231 0.33052884615384615 0.34134615384615385 0.052884615384615384
0 0.6574519230769231 0.3557692307692308 0.3125 0.03125
0 0.6550480769230769 0.40865384615384615 0.3076923076923077 0.0673076923076923
0 0.6274038461538461 0.5661057692307693 0.3701923076923077 0.04326923076923077
0 0.6490384615384616 0.6286057692307693 0.3389423076923077 0.06971153846153846
0 0.6346153846153846 0.6814903846153846 0.2980769230769231 0.057692307692307696
0 0.6225961538461539 0.7944711538461539 0.2956730769230769 0.052884615384615384
0 0.6262019230769231 0.9579326923076923 0.2932692307692308 0.0625
0 0.6442307692307693 0.9110576923076923 0.31971153846153844 0.052884615384615384