0 0.22705078125 0.2858072916666667 0.2900390625 0.21484375
0 0.65478515625 0.7923177083333334 0.34716796875 0.1484375
0 0.2119140625 0.6549479166666666 0.37939453125 0.138671875
0 0.7958984375 0.5260416666666666 0.396484375 0.171875
0 0.1240234375 0.22981770833333334 0.07421875 0.095703125
0 0.93603515625 0.4993489583333333 0.0966796875 0.11848958333333333
0 0.07568359375 0.6764322916666666 0.1015625 0.095703125
0 0.36572265625 0.75390625 0.12646484375 0.16471354166666666
0 0.482421875 0.6484375 0.3740234375 0.3040364583333333
0 0.56787109375 0.3359375 0.2724609375 0.16145833333333334
0 0.66943359375 0.30078125 0.29248046875 0.18489583333333334