0 0.4491341991341991 0.5803571428571429 0.10281385281385282 0.1461038961038961
0 0.560064935064935 0.39163961038961037 0.13528138528138528 0.10957792207792208
0 0.1663961038961039 0.2739448051948052 0.08387445887445888 0.174512987012987
0 0.06358225108225109 0.4301948051948052 0.1001082251082251 0.17857142857142858
0 0.19480519480519481 0.6087662337662337 0.08658008658008658 0.1461038961038961
0 0.3503787878787879 0.8522727272727273 0.07846320346320346 0.16233766233766234
0 0.716991341991342 0.922077922077922 0.15692640692640691 0.15584415584415584
0 0.8509199134199135 0.726461038961039 0.1001082251082251 0.17045454545454544
0 0.5411255411255411 0.7589285714285714 0.12445887445887446 0.09740259740259741
0 0.515422077922078 0.10349025974025974 0.13257575757575757 0.15016233766233766
0 0.6953463203463204 0.09334415584415584 0.09199134199134198 0.18668831168831168
0 0.7183441558441559 0.5397727272727273 0.08387445887445888 0.16233766233766234
0 0.9158549783549783 0.22930194805194806 0.0946969696969697 0.174512987012987