0 0.5208333333333334 0.36666666666666664 0.05416666666666667 0.0962962962962963
0 0.34479166666666666 0.6092592592592593 0.06041666666666667 0.06296296296296296
0 0.24791666666666667 0.35185185185185186 0.06666666666666667 0.08888888888888889
0 0.2621145833333333 0.33666666666666667 0.04144791666666666 0.04624074074074079
0 0.28934374999999996 0.3222037037037037 0.05202083333333336 0.05201851851851847
0 0.32104166666666667 0.3229259259259259 0.05364583333333333 0.05635185185185186
0 0.34379166666666666 0.3980740740740741 0.05039583333333333 0.07368518518518523
0 0.37142708333333335 0.4999259259259259 0.0780208333333333 0.05490740740740736
0 0.4376666666666667 0.497037037037037 0.044697916666666636 0.05779629629629631
0 0.46530208333333334 0.2694814814814815 0.0544583333333333 0.05346296296296297
0 0.4620520833333333 0.2788703703703704 0.03982291666666669 0.057796296296296255
0 0.45677083333333335 0.7773518518518518 0.055270833333333276 0.06357407407407414
0 0.9466145833333334 0.2337962962962963 0.07552083333333333 0.08796296296296297
0 0.7690208333333334 0.34625925925925927 0.06868750000000005 0.07892592592592594
0 0.7551979166666667 0.3887037037037037 0.06115625000000004 0.059574074074074106
0 0.7275520833333334 0.4073148148148148 0.06115625000000004 0.06701851851851852
0 0.7824166666666666 0.4557222222222223 0.043562499999999935 0.04170370370370372
0 0.6835729166666666 0.6478333333333333 0.07204166666666675 0.08042592592592583
0 0.7526770833333334 0.618037037037037 0.07120833333333323 0.0655185185185185
0 0.7493333333333333 0.6143148148148149 0.03937499999999995 0.09085185185185175
0 0.7267083333333333 0.5376296296296296 0.027645833333333297 0.06850000000000002
0 0.6475520833333334 0.33731481481481485 0.06868750000000005 0.06701851851851852
0 0.6270208333333334 0.28444444444444444 0.04774999999999992 0.08340740740740744
0 0.5394895833333333 0.4780555555555555 0.08543749999999999 0.1161666666666667
0 0.45153125000000005 0.6038888888888889 0.0938229166666666 0.07892592592592594
0 0.5461979166666667 0.6113333333333334 0.0402083333333333 0.1206296296296296
0 0.52190625 0.6508148148148148 0.04523958333333334 0.08042592592592583