0 0.4780878552971576 0.10139356814701378 0.20870801033591727 0.09923430321592647
0 0.48900947459086996 0.1520980091883614 0.2208440999138674 0.1661255742725881
0 0.38040482342807924 0.4185298621745789 0.13711455641688206 0.25457886676875957
0 0.35674418604651165 0.318208269525268 0.14318690783807064 0.17906584992343033
0 0.3506804478897502 0.23946401225114855 0.11163652024117142 0.15964777947932618
0 0.24267872523686476 0.16719754977029097 0.15774332472006888 0.17474732006125576
0 0.19718346253229974 0.7529249617151609 0.12255813953488369 0.2157427258805513
0 0.16138673557278208 0.8187289433384379 0.050964685615848423 0.07981623277182227
0 0.3373298880275624 0.5048238897396631 0.04610680447889748 0.06471669218989279
0 0.3033505598621878 0.35597243491577335 0.04610680447889748 0.0819754977029096
0 0.18140396210163653 0.2200459418070444 0.057028423772609804 0.07767228177641657
0 0.44835486649440137 0.6590811638591118 0.1468217054263566 0.3041960183767229
0 0.40770887166236003 0.7669525267993875 0.04853574504737297 0.08845329249617159