0 0.27364062499999997 0.6558125 0.079 0.06552083333333343
0 0.27218749999999997 0.583875 0.04914062499999998 0.10918749999999994
0 0.41526562499999997 0.7264791666666667 0.03854687499999998 0.11433333333333333
0 0.299171875 0.7881458333333333 0.07610937499999997 0.08093750000000005
0 0.53859375 0.8401666666666666 0.10406250000000003 0.09249999999999996
0 0.4885 0.4978125 0.071296875 0.08093750000000005
0 0.40707812499999996 0.39825 0.076109375 0.06681249999999998
0 0.396484375 0.3263125 0.06070312500000004 0.0950625
0 0.250515625 0.4547708333333333 0.079 0.08479166666666664
0 0.310734375 0.46825 0.08574999999999999 0.07579166666666666
0 0.7404531249999999 0.5575416666666667 0.08189062499999995 0.08735416666666662
0 0.789578125 0.4509166666666667 0.08382812499999996 0.056520833333333326
0 0.8194531250000001 0.36356249999999996 0.08382812500000006 0.048812500000000016
0 0.83871875 0.3063958333333333 0.08575000000000008 0.03724999999999999
0 0.8030781250000001 0.22995833333333332 0.09539062499999992 0.0436875
0 0.9201406249999999 0.4888125 0.07129687500000018 0.0655208333333333
0 0.9153281249999999 0.6012291666666666 0.05587499999999999 0.10020833333333339
0 0.663359375 0.3776875 0.05684374999999999 0.09762500000000003
0 0.686484375 0.255 0.06648437499999993 0.09120833333333336
0 0.703828125 0.7117083333333334 0.072265625 0.12075000000000008
0 0.559796875 0.6815208333333334 0.05203124999999993 0.11433333333333333
0 0.670109375 0.04110416666666667 0.08574999999999999 0.0668125
0 0.48753124999999997 0.16187500000000002 0.06551562499999992 0.12589583333333335
0 0.498609375 0.21197916666666666 0.09539062499999992 0.07449999999999998
0 0.518359375 0.18885416666666668 0.06165625000000006 0.12589583333333335