0 0.45387500000000003 0.6190555555555556 0.09227083333333337 0.1508055555555556
0 0.546125 0.9424722222222223 0.05060416666666665 0.10713888888888903
0 0.6815416666666666 0.9484166666666667 0.08333333333333333 0.10316666666666663
0 0.7381041666666667 0.6111111111111112 0.07737499999999997 0.1111111111111111
0 0.6860208333333334 0.49008333333333337 0.11012500000000003 0.10713888888888887
0 0.8395833333333333 0.7986111111111112 0.06666666666666667 0.06944444444444445
0 0.8447916666666667 0.6763888888888889 0.05625 0.09722222222222222
0 0.9010416666666666 0.675 0.04375 0.11666666666666667
0 0.4822916666666667 0.4486111111111111 0.07291666666666667 0.06388888888888888
0 0.5291666666666667 0.39305555555555555 0.04583333333333333 0.09166666666666666
0 0.6385416666666667 0.33194444444444443 0.04791666666666667 0.08055555555555556
0 0.68125 0.22361111111111112 0.07083333333333333 0.075
0 0.6104166666666667 0.14722222222222223 0.05 0.08888888888888889
0 0.3333333333333333 0.19027777777777777 0.05 0.058333333333333334
0 0.23333333333333334 0.20972222222222223 0.20416666666666666 0.175
0 0.41770833333333335 0.12916666666666668 0.03958333333333333 0.08055555555555556
0 0.48854166666666665 0.24166666666666667 0.06458333333333334 0.06666666666666667
0 0.553125 0.15416666666666667 0.03958333333333333 0.06944444444444445