0 0.5049590163934425 0.10352657004830917 0.3073770491803279 0.11043478260869564
0 0.5005737704918033 0.6987439613526569 0.31028688524590164 0.12768115942028987
0 0.8386885245901639 0.49859903381642506 0.3132377049180328 0.12077294685990338
0 0.5020491803278688 0.9057971014492754 0.28979508196721304 0.10004830917874387
0 0.1697950819672131 0.9144444444444444 0.29860655737704916 0.14492753623188406
0 0.4010655737704918 0.09835748792270531 0.12295081967213115 0.12768115942028987
0 0.39959016393442626 0.4969082125603865 0.10245901639344263 0.12420289855072468
0 0.06881147540983606 0.7091304347826086 0.09073770491803279 0.10695652173913037
0 0.16831967213114754 0.7177294685990337 0.29565573770491804 0.15874396135265706
0 0.5049590163934425 0.48483091787439614 0.3073770491803279 0.14835748792270534
0 0.060000000000000005 0.9144444444444444 0.10245901639344263 0.11734299516908223
0 0.7318442622950819 0.49516908212560384 0.09954918032786894 0.1345893719806764