0 0.4532258064516129 0.5696932515337423 0.09838709677419355 0.11263803680981586
0 0.5450967741935484 0.5481595092024539 0.05400000000000003 0.1292024539877301
0 0.5485806451612903 0.6450306748466258 0.052258064516128994 0.1374846625766871
0 0.3835806451612903 0.4264417177914111 0.10361290322580646 0.09110429447852757
0 0.4170967741935484 0.4074233128834356 0.043548387096774194 0.2152760736196319
0 0.540741935483871 0.30969325153374233 0.08183870967741937 0.10269938650306745
0 0.5938709677419355 0.2807361963190184 0.07835483870967748 0.16061349693251528
0 0.6496129032258064 0.3469325153374233 0.11145161290322585 0.2103067484662577
0 0.6191290322580646 0.632638036809816 0.04180645161290316 0.13582822085889562
0 0.5403225806451613 0.9166257668711656 0.12103225806451608 0.0778527607361963
0 0.3726774193548387 0.6276687116564418 0.0661935483870968 0.20533742331288343
0 0.3831290322580645 0.6458895705521472 0.038322580645161274 0.1987116564417177
0 0.44712903225806455 0.7402453987730061 0.03745161290322585 0.16558282208588962
0 0.48196774193548386 0.7220245398773006 0.03745161290322585 0.13914110429447857
0 0.44193548387096776 0.6525153374233129 0.11058064516129024 0.06957055214723928
0 0.2881290322580645 0.2460122699386503 0.07806451612903222 0.1417791411042945
0 0.24516129032258063 0.25104294478527606 0.05700000000000005 0.1784662576687117