0 0.6014666666666667 0.29017857142857145 0.21924444444444438 0.43156250000000007
0 0.2829777777777778 0.1711160714285714 0.3466666666666667 0.11607142857142858
0 0.3688888888888889 0.601205357142857 0.14520000000000008 0.38093749999999993
0 0.6266666666666667 0.6979017857142857 0.46520000000000006 0.17558035714285708
0 0.6429777777777778 0.5476339285714286 0.39702222222222217 0.18450892857142862
0 0.2 0.3764732142857143 0.2577777777777778 0.38392857142857145
0 0.3688888888888889 0.32441964285714286 0.3466666666666667 0.17263392857142854
0 0.5407555555555557 0.1398660714285714 0.11555555555555562 0.16071428571428573
0 0.37035555555555555 0.15772321428571429 0.14222222222222222 0.13093749999999998
0 0.7140888888888889 0.6830357142857143 0.16591111111111104 0.13392857142857142
0 0.5407555555555555 0.5357142857142857 0.1392444444444445 0.11906250000000007
0 0.37924444444444444 0.49852678571428577 0.11257777777777783 0.1696428571428572
0 0.2577777777777778 0.35120535714285717 0.1718666666666667 0.13093750000000007
0 0.28444444444444444 0.5089285714285714 0.13035555555555553 0.10120535714285721