0 0.32912 0.2720996441281139 0.13489999999999996 0.11380782918149462
0 0.37272000000000005 0.16761565836298933 0.08255999999999994 0.1282918149466192
0 0.5774 0.6487188612099644 0.10118000000000006 0.18416370106761565
0 0.48088 0.7739145907473309 0.06627999999999998 0.24003558718861207
0 0.48319999999999996 0.5990747330960854 0.12210000000000003 0.0682918149466192
0 0.5244800000000001 0.4790391459074734 0.06511999999999989 0.19658362989323847
0 0.54192 0.4686832740213523 0.0535 0.13864768683274015
0 0.5826399999999999 0.22967971530249112 0.10233999999999992 0.08277580071174374
0 0.62334 0.11690391459074734 0.07209999999999991 0.07654804270462635
0 0.55472 0.10448398576512455 0.10466000000000009 0.08071174377224202
0 0.4785400000000001 0.11380782918149467 0.09651999999999998 0.10345195729537367
0 0.52216 0.05174377224199288 0.0953599999999999 0.09103202846975088
0 0.6390399999999999 0.12209964412811389 0.04768000000000006 0.06622775800711743
0 0.28782 0.251423487544484 0.05234000000000003 0.09313167259786483
0 0.35062 0.1313879003558719 0.03838 0.06416370106761567