0 0.1592734375 0.3790972222222222 0.07090624999999999 0.06584722222222218
0 0.18519531250000001 0.7280972222222223 0.06772656249999998 0.08277777777777773
0 0.40214062500000003 0.6274444444444445 0.04656249999999997 0.09970833333333329
0 0.38997656249999996 0.5201944444444445 0.06032031249999999 0.05831944444444446
0 0.5090312499999999 0.6613055555555556 0.04656249999999993 0.09218055555555556
0 0.4783359375 0.6142638888888888 0.055031250000000045 0.050791666666666735
0 0.4169609375 0.900236111111111 0.06772656250000005 0.0733749999999999
0 0.34340625 0.8814166666666666 0.039156250000000004 0.14862499999999998
0 0.37992187499999996 0.33112499999999995 0.05291406249999997 0.1392222222222222
0 0.860375 0.5201944444444445 0.061382812500000127 0.07337500000000005
0 0.7402578125 0.14393055555555556 0.06667187499999994 0.06961111111111112
0 0.7169765625 0.28126388888888887 0.05185156249999991 0.08843055555555558
0 0.7979375 0.7299722222222222 0.02963281250000005 0.12040277777777786
0 0.660359375 0.644375 0.03175000000000008 0.0884305555555555
0 0.6159140625 0.45905555555555555 0.06349999999999997 0.060208333333333364
0 0.6217343750000001 0.3612222222222222 0.03703906250000007 0.10536111111111113
0 0.6561250000000001 0.1825 0.03175000000000008 0.10159722222222226
0 0.489453125 0.12511111111111112 0.032804687500000006 0.10723611111111112
0 0.4899765625 0.26245833333333335 0.04867968749999996 0.06961111111111112
0 0.40584375 0.1683888888888889 0.0455078125 0.09594444444444446
0 0.551359375 0.7845277777777778 0.06772656250000005 0.06397222222222215
0 0.64871875 0.7826527777777778 0.06138281249999995 0.048916666666666705