0 0.51784375 0.5208333333333334 0.08259375000000002 0.08927777777777773
0 0.57590625 0.8392777777777778 0.10268750000000004 0.10316666666666663
0 0.58259375 0.4037777777777778 0.06918749999999996 0.16072222222222227
0 0.258375 0.4027777777777778 0.08371874999999998 0.10716666666666662
0 0.25725 0.3591111111111111 0.06584374999999998 0.09922222222222218
0 0.33090625 0.21727777777777776 0.0703125 0.061499999999999964
0 0.39340625000000007 0.2331111111111111 0.09709375000000002 0.08533333333333333
0 0.39340624999999996 0.12894444444444444 0.08593749999999996 0.09522222222222222
0 0.38168750000000007 0.6319444444444444 0.08928125000000002 0.07338888888888893
0 0.274 0.7321666666666666 0.09487500000000004 0.06744444444444436
0 0.626125 0.2738333333333333 0.10043749999999996 0.10316666666666671
0 0.66853125 0.15672222222222223 0.0625 0.16272222222222224
0 0.76675 0.1895 0.11606249999999996 0.10516666666666669
0 0.7170625 0.2797777777777778 0.036843750000000064 0.15872222222222218
0 0.74778125 0.3680555555555556 0.0625 0.11705555555555552
0 0.7795625 0.7331111111111112 0.08815624999999994 0.08927777777777773